2022-03-15_02_15_38.316981 NG 0.9668312 40 286 472 651
2022-03-15_03_21_51.858698 OK 0.8297133 41 0 435 383
2022-03-15_03_19_25.065725 NG 0.96665955 20 216 296 660
2022-03-15_03_25_20.672738 OK 0.9784782 6 236 341 669
2022-03-16_02_45_50.342834 OK 0.73153055 38 259 276 686
2022-03-15_02_17_00.976027 NG 0.83482933 111 14 506 377
2022-03-15_03_28_03.031640 OK 0.8574339 307 309 555 700
2022-03-15_03_22_05.305612 OK 0.6149785 353 9 700 386
2022-03-15_02_15_02.919532 NG 0.8064806 101 269 357 678
2022-03-16_02_43_03.865316 OK 0.9683537 3 256 383 685
2022-03-15_03_27_03.737883 OK 0.86378056 336 25 599 363
2022-03-15_03_26_57.665434 OK 0.790219 299 265 585 681
2022-03-15_03_19_16.629947 NG 0.8913419 322 240 621 700
2022-03-15_02_16_34.311664 NG 0.6957991 0 36 375 371
2022-03-15_02_15_54.253796 NG 0.88862664 78 279 382 665
2022-03-16_02_50_13.054787 OK 0.89554334 36 26 439 433
2022-03-15_03_03_45.719095 NG 0.98307306 438 257 700 687
2022-03-15_03_13_06.328510 NG 0.89967614 141 255 458 687
2022-03-15_03_27_07.857035 OK 0.8724616 99 11 355 376
2022-03-15_03_27_35.708993 OK 0.5624858 282 280 535 677
2022-03-15_03_25_22.879002 OK 0.9276662 61 284 409 700
2022-03-15_02_18_51.566975 NG 0.8210424 0 24 401 424
2022-03-15_03_24_52.037415 OK 0.9070984 445 8 698 379
2022-03-15_03_26_55.073933 OK 0.94635487 6 268 353 678
2022-03-15_02_15_15.570878 NG 0.9872459 428 245 700 698
2022-03-15_02_15_26.693069 NG 0.98257476 278 260 700 661
2022-03-15_03_26_51.897838 OK 0.88485134 251 276 487 672
2022-03-16_02_45_59.639253 OK 0.5025782 112 0 417 400
2022-03-15_03_03_59.872326 NG 0.8745525 246 274 553 670
2022-03-15_03_21_40.668297 OK 0.97620225 0 263 367 693
2022-03-15_03_23_09.844256 OK 0.8025414 165 8 425 379
2022-03-15_02_16_49.123968 NG 0.97335964 285 3 700 389
2022-03-15_03_17_29.282813 NG 0.98345584 0 35 402 360
2022-03-16_02_50_26.415178 NG 0.697976 254 279 557 667
2022-03-16_02_50_20.387308 OK 0.8670153 337 290 690 654
2022-03-15_03_09_31.276877 NG 0.8070092 66 24 446 375
2022-03-15_03_27_52.438324 OK 0.78766686 341 271 679 691
2022-03-15_03_22_54.780155 OK 0.7820807 350 320 689 687
2022-03-16_02_37_51.996485 OK 0.927371 136 246 504 658
2022-03-15_03_21_09.536570 OK 0.94536734 276 29 525 360
2022-03-15_03_28_09.119191 OK 0.9391983 13 269 232 682
2022-03-15_03_04_21.359939 NG 0.88571286 201 302 549 631
2022-03-15_02_14_56.858922 NG 0.9280195 2 273 250 673
2022-03-15_03_14_41.747295 NG 0.81035537 190 30 476 426
2022-03-15_03_27_59.107552 OK 0.8948443 13 254 235 694
2022-03-15_03_21_13.374494 OK 0.9301033 134 34 394 423
2022-03-15_03_22_08.743755 OK 0.5793272 9 12 356 385
2022-03-15_03_24_34.186506 OK 0.50198835 204 277 459 673
2022-03-15_03_24_47.790461 OK 0.8364534 244 0 509 348
2022-03-15_03_22_59.350190 OK 0.61436826 431 5 700 382
2022-03-15_03_22_43.830561 OK 0.9541367 0 268 335 684
2022-03-15_03_21_44.880308 OK 0.9857666 0 257 363 682
2022-03-15_03_05_59.875805 NG 0.7499074 230 0 499 390
2022-03-15_03_15_36.371087 NG 0.89254135 267 20 537 437
2022-03-15_03_04_11.623741 NG 0.97557354 0 231 237 647
2022-03-16_02_42_55.247001 OK 0.5250323 0 288 410 700
2022-03-16_02_42_55.247001 NG 0.81434095 40 322 464 688
2022-03-15_03_27_05.810809 OK 0.53243226 150 0 444 342
2022-03-15_03_21_11.376605 OK 0.9078816 225 38 513 419
2022-03-15_02_16_40.349751 NG 0.91147554 22 0 291 390
2022-03-15_03_06_04.162935 NG 0.81 19 14 430 386
2022-03-15_03_06_37.541623 NG 0.77561647 228 52 515 405
2022-03-15_03_25_00.553151 OK 0.62197167 206 323 457 693
2022-03-16_02_49_55.096500 OK 0.6059404 18 12 363 395
2022-03-15_03_21_07.562489 OK 0.90785205 336 14 611 374
2022-03-16_02_50_33.990050 OK 0.98289293 0 247 365 692
2022-03-16_02_49_28.671887 NG 0.9590933 369 291 646 653
2022-03-15_02_18_58.893091 NG 0.5978667 43 12 481 433
2022-03-15_03_22_34.821219 OK 0.73817056 400 9 686 370
2022-03-15_03_20_55.069367 OK 0.87498087 422 261 664 689
2022-03-15_03_24_40.097719 OK 0.9134007 379 0 642 393
2022-03-15_03_18_11.869074 NG 0.72796255 91 248 437 695
2022-03-16_02_49_36.353060 NG 0.7111397 405 0 685 389
2022-03-15_03_23_18.791615 OK 0.73955023 0 16 336 380
2022-03-15_03_04_35.582607 NG 0.90607166 314 9 696 394
2022-03-15_03_23_04.870725 OK 0.836019 20 0 344 393
2022-03-15_03_27_44.614432 OK 0.8349263 160 7 434 380
2022-03-15_03_15_42.697043 NG 0.767107 370 0 646 413
2022-03-15_03_17_41.337476 NG 0.8186528 0 26 418 377
2022-03-15_03_28_24.770979 OK 0.8818171 194 0 475 390
2022-03-15_03_13_38.948799 NG 0.50691175 134 41 461 416
2022-03-15_03_09_54.510819 OK 0.5925158 0 1 409 403
2022-03-15_03_09_54.510819 NG 0.79331684 43 14 431 383
2022-03-15_02_18_46.382478 NG 0.9690354 17 46 469 407
2022-03-15_03_23_29.023659 OK 0.8126895 0 264 379 683
2022-03-15_03_21_31.045040 NG 0.807168 329 363 681 676
2022-03-15_03_21_59.535244 OK 0.9368298 206 29 453 360
2022-03-15_03_25_27.186448 OK 0.8472608 438 257 700 690
2022-03-15_03_23_07.167161 OK 0.7954634 0 0 344 400
2022-03-15_03_13_16.508413 NG 0.948405 0 259 268 684
2022-03-15_03_24_30.890522 OK 0.9476516 0 266 349 680
2022-03-16_02_46_03.696188 OK 0.81935644 299 45 579 412
2022-03-15_03_25_29.275665 OK 0.731146 355 262 696 632
2022-03-15_02_17_16.843636 NG 0.8437504 39 38 444 419
2022-03-15_03_07_55.073727 NG 0.5405855 301 0 573 389
2022-03-15_03_25_09.960091 OK 0.972489 322 34 700 472
2022-03-15_03_09_52.013170 OK 0.7066348 0 19 389 366
2022-03-15_03_09_52.013170 NG 0.7107118 0 0 436 385
2022-03-15_03_09_45.611666 NG 0.8027588 0 272 288 669
2022-03-15_03_27_27.147871 OK 0.65929544 29 284 283 664
2022-03-15_03_03_50.140086 NG 0.95720404 366 230 647 647
2022-03-15_02_15_06.616638 NG 0.69058466 131 281 466 663
2022-03-16_02_50_02.769800 OK 0.8475863 270 5 641 387
2022-03-15_02_15_41.955309 NG 0.9470949 0 286 361 666
2022-03-15_02_16_37.240179 NG 0.82020444 0 0 269 408
2022-03-16_02_48_57.158802 OK 0.83202964 328 23 689 428
2022-03-15_02_15_09.507822 NG 0.7355348 257 288 550 657
2022-03-16_02_50_09.042547 OK 0.8952868 36 27 439 433
2022-03-15_03_28_38.977540 OK 0.87134135 362 318 655 699
2022-03-15_03_11_52.567030 NG 0.9037882 142 255 458 687
2022-03-15_02_15_23.038734 NG 0.9899681 289 285 700 671
2022-03-15_03_25_07.482513 OK 0.97452736 335 0 700 389
2022-03-15_03_27_10.436404 OK 0.9142886 13 42 302 416
2022-03-15_03_28_00.903071 OK 0.9442709 177 265 421 684
2022-03-15_03_27_21.893213 OK 0.75024295 322 259 562 691
2022-03-15_03_11_35.040193 NG 0.93782806 71 257 390 686
2022-03-15_03_20_57.731830 OK 0.9834159 491 268 679 670
2022-03-15_03_06_34.806392 NG 0.9500779 454 0 700 395
2022-03-15_03_11_27.074081 NG 0.9115141 2 269 318 673
2022-03-15_03_19_22.230927 NG 0.7786354 200 267 532 676
2022-03-15_03_17_47.694441 NG 0.91004705 261 21 628 378
2022-03-15_03_06_10.669193 NG 0.5990916 0 107 409 475
2022-03-16_02_41_10.133125 OK 0.95727617 0 165 397 630
2022-03-16_02_41_10.133125 NG 0.78035015 7 260 448 643
2022-03-15_03_19_06.996525 NG 0.92253834 151 34 446 422
2022-03-16_02_49_51.207050 OK 0.7477298 22 0 346 412
2022-03-15_03_28_14.461478 OK 0.92064524 220 391 700 672
2022-03-15_03_22_56.645808 OK 0.5169911 351 154 658 700
2022-03-15_02_16_24.866739 NG 0.9190089 290 20 585 437
2022-03-15_03_06_25.152230 NG 0.7135148 249 0 556 341
2022-03-15_02_18_30.803472 NG 0.9837281 0 79 390 435
2022-03-15_02_16_54.586541 NG 0.9694986 271 30 659 366
2022-03-15_02_15_45.189409 OK 0.72644055 0 93 392 597
2022-03-15_02_15_45.189409 NG 0.86921203 0 264 371 619
2022-03-15_03_06_40.618231 NG 0.7486141 53 15 470 431
2022-03-15_03_06_22.561077 NG 0.50378996 118 0 511 437
2022-03-15_02_16_30.742087 NG 0.6518232 208 0 524 396
2022-03-16_02_45_00.550787 OK 0.73213255 192 254 475 693
2022-03-15_03_20_41.822229 OK 0.9374419 14 256 233 692
2022-03-15_03_17_22.338870 NG 0.86817956 198 21 468 437
2022-03-16_02_46_11.969741 OK 0.80142826 371 11 646 377
2022-03-15_03_21_03.104653 OK 0.969746 439 37 700 420
2022-03-16_02_48_00.320279 OK 0.76856476 0 180 403 645
2022-03-16_02_48_00.320279 NG 0.7234321 10 266 451 653
2022-03-15_03_20_51.245590 OK 0.69292855 238 259 507 689
2022-03-15_03_03_56.641813 NG 0.92764115 321 287 621 658
2022-03-16_02_49_31.748494 NG 0.89278084 383 260 700 685
2022-03-15_03_28_11.918803 OK 0.8727727 309 314 700 700
2022-03-16_02_50_36.335985 OK 0.98770076 0 252 350 681
2022-03-15_03_17_36.302984 NG 0.98803705 0 62 414 408
2022-03-15_03_21_47.570440 OK 0.8950913 0 108 387 516
2022-03-15_03_24_45.796333 OK 0.826439 93 0 370 349
2022-03-15_03_17_44.972373 NG 0.9663292 338 23 700 375
2022-03-15_03_23_47.705169 OK 0.8559239 22 8 293 380
2022-03-16_02_47_32.281276 OK 0.9200536 0 16 376 443
2022-03-15_03_22_21.665579 OK 0.8816773 415 315 667 700
2022-03-15_03_09_48.542332 NG 0.9179849 72 276 391 669
2022-03-15_02_18_22.389072 NG 0.9908125 0 71 394 421
2022-03-15_03_23_45.445619 OK 0.6401048 148 31 445 424
2022-03-15_03_04_28.463300 NG 0.888297 281 233 700 653
2022-03-15_03_06_17.108769 NG 0.77994365 84 0 366 387
2022-03-15_03_25_14.872052 OK 0.9369034 0 18 384 376
2022-03-15_03_06_19.732705 NG 0.5952303 149 22 446 364
2022-03-15_03_22_12.615487 OK 0.86845434 37 276 283 670
2022-03-15_03_22_12.615487 OK 0.5402642 0 133 320 700
2022-03-15_02_16_11.676457 NG 0.9679211 435 18 700 436
2022-03-16_02_41_04.140970 OK 0.8125907 0 139 398 686
2022-03-16_02_41_04.140970 NG 0.8286776 7 265 454 662
2022-03-16_02_38_21.038858 OK 0.6360165 319 260 693 699
2022-03-15_03_11_39.945041 NG 0.7849084 106 258 418 685
2022-03-15_03_27_42.533632 OK 0.88503796 0 0 268 348
2022-03-16_02_47_18.224094 OK 0.6111353 29 222 347 666
2022-03-16_02_44_30.733688 OK 0.7885924 185 5 484 383
2022-03-15_03_24_55.216557 OK 0.9702443 15 322 228 697
2022-03-15_03_19_03.119101 NG 0.8438116 0 25 411 448
2022-03-15_03_21_33.025847 OK 0.9165196 279 335 609 692
2022-03-15_03_22_29.616428 OK 0.8851508 170 14 421 373
2022-03-16_02_44_38.262255 OK 0.6799246 88 1 361 386
2022-03-15_03_06_14.203724 NG 0.93798476 0 5 247 383
2022-03-15_03_25_02.393680 OK 0.86588395 337 306 615 700
2022-03-16_02_48_51.700563 OK 0.9885446 255 27 671 450
2022-03-15_02_18_35.183211 NG 0.96812546 17 46 469 407
2022-03-15_03_18_59.073326 NG 0.95305866 276 354 642 675
2022-03-15_03_25_12.711207 OK 0.94568056 0 72 388 548
2022-03-16_02_50_30.476008 OK 0.64999956 0 243 391 700
2022-03-15_03_28_22.962596 OK 0.59467745 0 23 394 437
2022-03-16_02_49_21.627583 OK 0.76537234 120 251 408 694
2022-03-15_03_28_35.009743 OK 0.8368788 244 285 486 664
2022-03-15_03_19_10.354439 NG 0.75392526 244 13 628 392
2022-03-15_03_18_02.633284 NG 0.55305374 165 323 499 692
2022-03-15_03_21_15.470126 OK 0.7943693 81 0 381 399
2022-03-15_03_19_19.097840 NG 0.74584806 38 263 346 680
2022-03-15_03_28_28.352006 OK 0.9253775 384 256 634 695
2022-03-15_03_22_02.873057 OK 0.9329991 314 0 569 394
2022-03-15_03_24_42.064228 OK 0.95364463 203 8 462 380
2022-03-15_03_04_18.165312 NG 0.695189 84 245 439 699
2022-03-15_03_19_28.336709 NG 0.9337244 326 251 615 693
2022-03-15_02_15_35.394169 NG 0.7059224 197 237 537 700
2022-03-16_02_44_07.878041 OK 0.9181142 228 47 507 411
2022-03-15_03_21_23.138098 OK 0.96418333 247 0 684 382
2022-03-15_03_27_47.299543 OK 0.6624081 214 4 584 388
2022-03-15_03_21_17.772985 OK 0.94528604 4 0 244 393
2022-03-15_03_25_17.109119 OK 0.85846335 60 5 457 385
2022-03-15_03_18_53.484825 NG 0.77893865 0 216 323 658
2022-03-15_03_22_19.322522 OK 0.88571405 324 276 568 673
2022-03-15_03_20_48.322136 OK 0.75997955 160 274 435 673
2022-03-16_02_50_06.553521 OK 0.9700457 0 97 373 526
2022-03-16_02_39_19.110240 OK 0.9095364 0 52 388 464
2022-03-15_02_16_46.262004 NG 0.99035156 254 15 670 365
2022-03-15_03_04_46.286306 NG 0.757969 265 0 546 388
2022-03-15_03_04_05.557454 NG 0.86558044 102 262 419 681
2022-03-15_02_15_19.823082 NG 0.71915925 382 220 699 700
2022-03-16_02_49_24.840216 NG 0.6855281 258 279 554 667
2022-03-15_03_27_49.932882 OK 0.9087911 317 324 700 700
2022-03-16_02_44_57.187959 OK 0.90429276 97 254 372 694
2022-03-16_02_44_21.927164 OK 0.53091645 326 0 618 480
2022-03-15_03_21_38.400939 OK 0.8208806 70 300 451 700
2022-03-15_02_16_17.862081 NG 0.52606636 401 0 676 395
2022-03-16_02_44_53.314618 OK 0.6130045 2 245 246 700
2022-03-15_03_11_47.926635 NG 0.9110489 138 258 460 685
2022-03-15_03_21_35.930935 OK 0.5410403 241 324 562 691
2022-03-15_03_22_49.844421 OK 0.9352797 20 297 332 700
2022-03-15_02_15_12.614327 NG 0.93458235 365 278 653 668
2022-03-16_02_47_22.190783 NG 0.522839 227 288 518 656
2022-03-15_02_16_00.555035 NG 0.77338725 201 318 566 700
2022-03-15_03_22_25.877821 OK 0.97592527 13 0 236 396
2022-03-15_03_06_07.007427 NG 0.69279796 0 14 346 381
2022-03-15_02_17_04.273580 NG 0.9707517 0 68 408 428
2022-03-15_03_19_12.912229 NG 0.9703129 277 12 671 368
2022-03-15_03_22_46.360879 OK 0.9619061 0 172 364 597
2022-03-15_03_17_53.942535 NG 0.99148226 291 274 700 638
2022-03-15_03_04_32.431220 NG 0.9824769 325 28 700 436
2022-03-15_03_23_02.430723 OK 0.706164 224 3 511 384
2022-03-15_03_06_43.672109 NG 0.8455963 211 13 597 378
2022-03-15_02_16_58.365761 NG 0.8173997 294 0 583 411
2022-03-16_02_42_59.901973 OK 0.8176538 0 239 399 700
2022-03-16_02_42_59.901973 NG 0.6675973 25 337 438 700
2022-03-15_03_21_05.865920 OK 0.946267 387 10 629 377
2022-03-15_03_15_46.070896 NG 0.994334 298 0 700 364
2022-03-15_03_21_27.860981 OK 0.5562783 316 164 700 658
2022-03-15_03_21_27.860981 NG 0.6854585 349 309 684 592
2022-03-15_03_21_21.061191 OK 0.94805175 209 0 595 389
2022-03-15_03_15_39.791684 NG 0.7150279 290 33 589 424
2022-03-15_03_11_31.525688 NG 0.9103785 0 271 319 672
2022-03-15_03_04_02.535852 NG 0.8320448 174 277 485 666
2022-03-16_02_48_48.242439 OK 0.9583457 274 20 622 433
2022-03-15_02_15_48.251946 NG 0.9775648 0 264 384 646
2022-03-15_03_21_49.817804 OK 0.9427873 0 14 388 379
2022-03-15_03_24_50.160015 OK 0.9744441 346 15 599 374
2022-03-15_03_18_05.657789 NG 0.57799596 0 275 351 673
2022-03-15_03_27_13.946004 OK 0.89235723 303 7 572 381
2022-03-15_03_13_13.071960 NG 0.7974496 57 222 328 654
2022-03-15_03_22_32.080448 OK 0.96016306 313 10 563 378
2022-03-15_03_28_05.655618 OK 0.89654225 418 251 670 698
2022-03-15_03_28_17.491631 OK 0.94883794 314 0 700 379
2022-03-15_03_23_41.156705 OK 0.93328834 364 0 655 398
2022-03-15_03_09_41.070122 NG 0.5236048 345 303 689 656
2022-03-15_03_04_15.027958 NG 0.64032465 30 280 349 663
2022-03-15_03_23_14.767620 OK 0.8794948 273 4 670 388
2022-03-15_03_24_43.805424 OK 0.9564206 0 0 266 336
2022-03-15_03_04_25.195568 NG 0.97953147 246 286 699 622
2022-03-15_03_21_25.028151 OK 0.9665182 310 31 700 438
2022-03-15_03_28_32.881849 OK 0.71207666 90 248 374 700
2022-03-15_03_27_38.295337 OK 0.8842509 406 323 676 694
2022-03-16_02_44_27.012390 OK 0.93546885 298 13 581 375
2022-03-15_03_18_08.448215 NG 0.86082524 46 266 336 679
2022-03-15_03_04_08.220193 NG 0.91446775 0 268 321 674
2022-03-15_03_10_09.462425 NG 0.7342406 214 270 521 676
2022-03-15_03_28_20.850492 NG 0.69220454 0 36 412 411
2022-03-15_02_15_50.806656 NG 0.8150382 0 289 351 661
2022-03-15_03_23_12.295115 OK 0.8143712 202 3 469 385
2022-03-15_03_17_33.572277 OK 0.95141137 0 90 364 522
2022-03-15_02_16_04.616194 NG 0.64868265 298 220 645 700
2022-03-15_02_16_42.983912 NG 0.80047095 78 0 380 398
2022-03-15_03_23_36.980251 OK 0.73061126 387 312 700 700
2022-03-16_02_49_16.686769 OK 0.9657043 0 243 335 685
2022-03-16_02_39_06.378142 OK 0.93835723 0 37 388 442
2022-03-16_02_50_22.858314 NG 0.52211875 282 296 606 659
2022-03-15_03_21_54.256006 OK 0.69284403 141 0 473 398
2022-03-15_03_17_51.050289 NG 0.9899097 289 13 700 386
2022-03-16_02_49_59.909560 OK 0.9578956 311 0 700 381
2022-03-16_02_49_47.569120 OK 0.6006731 14 0 367 452
2022-03-16_02_45_46.477504 OK 0.83123267 165 270 432 678
2022-03-16_02_44_47.914055 OK 0.9674163 0 0 250 401
2022-03-16_02_39_36.337868 OK 0.79306537 321 0 700 403
2022-03-15_03_23_43.181622 OK 0.95088357 239 0 501 394
2022-03-15_03_22_17.057735 OK 0.6610656 193 269 476 680
2022-03-16_02_38_05.521959 OK 0.95486975 62 286 429 700
2022-03-15_03_07_38.494350 NG 0.9302667 161 246 437 631
2022-03-15_03_20_53.043261 OK 0.8606202 363 315 634 699
2022-03-16_02_42_01.501034 NG 0.53346694 240 37 488 492
2022-03-15_03_13_35.007778 NG 0.7661444 93 0 365 431
2022-03-16_02_44_34.765170 OK 0.88451886 159 0 441 391
2022-03-15_03_13_09.763604 NG 0.9137631 107 261 418 681
2022-03-16_02_48_04.993441 OK 0.94966674 9 261 377 665
2022-03-15_03_25_04.442528 OK 0.9824626 465 323 700 700
2022-03-15_03_13_30.771984 NG 0.76321495 53 0 332 413
2022-03-15_03_18_56.575842 NG 0.74492246 154 221 508 655
2022-03-15_03_21_42.710090 OK 0.9828865 12 256 352 669
2022-03-15_03_25_32.742947 OK 0.76422924 242 309 553 700
2022-03-16_02_39_11.457567 OK 0.90360945 0 59 382 451
2022-03-16_02_38_58.946622 OK 0.55026543 56 26 451 426
2022-03-15_03_13_25.444243 NG 0.85169613 12 38 304 418
2022-03-15_03_28_30.426711 OK 0.9005625 13 266 236 685
2022-03-15_02_17_09.630029 NG 0.9772157 0 71 367 424
2022-03-15_03_09_27.694705 NG 0.69344705 201 0 466 394
2022-03-15_03_21_56.446653 OK 0.8186984 0 0 343 407
2022-03-15_03_22_14.980164 OK 0.8759869 130 248 398 699
2022-03-15_03_27_16.463837 OK 0.9519379 410 0 676 388
2022-03-15_03_27_19.744014 OK 0.97698367 458 265 694 686
2022-03-15_03_13_44.407499 NG 0.81466997 190 29 476 426
2022-03-16_02_45_41.648280 OK 0.6316717 291 338 580 678
2022-03-15_03_23_23.977894 OK 0.794855 212 274 452 674
2022-03-15_03_09_34.369147 NG 0.63026416 122 8 403 379
2022-03-16_02_49_40.683044 OK 0.53714955 298 11 578 376
