2022-03-15_02_15_38.316981 NG 0.9668451 45 291 467 646
2022-03-15_02_15_38.316981 OK 0.25627273 0 223 411 688
2022-03-15_03_21_51.858698 OK 0.8203245 46 2 430 378
2022-03-15_03_19_25.065725 NG 0.9659145 25 220 291 656
2022-03-15_03_25_20.672738 OK 0.9782316 11 240 336 665
2022-03-16_02_45_50.342834 OK 0.3298796 0 28 320 700
2022-03-16_02_45_50.342834 OK 0.7224975 44 261 270 683
2022-03-15_02_17_00.976027 NG 0.8377808 116 19 501 372
2022-03-15_03_28_03.031640 OK 0.8207229 313 314 550 697
2022-03-15_03_22_05.305612 OK 0.61687577 357 14 700 381
2022-03-15_02_15_02.919532 NG 0.8200508 106 273 351 674
2022-03-15_03_06_31.541851 NG 0.35899204 373 17 641 368
2022-03-16_02_43_03.865316 NG 0.3919383 13 337 432 700
2022-03-16_02_43_03.865316 OK 0.08249026 17 0 471 642
2022-03-16_02_43_03.865316 OK 0.9646173 7 260 379 681
2022-03-15_03_27_03.737883 OK 0.85914874 341 29 594 359
2022-03-15_03_26_57.665434 OK 0.77346826 302 266 581 680
2022-03-15_03_19_16.629947 NG 0.8952259 328 244 615 700
2022-03-15_02_16_34.311664 NG 0.70473784 3 41 370 366
2022-03-15_02_15_54.253796 NG 0.8944779 84 283 376 661
2022-03-16_02_50_13.054787 OK 0.8925144 40 31 435 429
2022-03-15_03_03_45.719095 NG 0.98174334 444 263 700 681
2022-03-15_03_13_06.328510 NG 0.8986907 147 258 453 684
2022-03-15_03_27_07.857035 OK 0.87069947 104 16 350 372
2022-03-15_03_27_35.708993 OK 0.53836673 287 282 530 674
2022-03-15_03_27_30.381264 OK 0.4161356 109 289 412 700
2022-03-15_03_25_22.879002 OK 0.92815477 66 288 404 700
2022-03-15_02_18_51.566975 NG 0.83871084 0 30 397 419
2022-03-15_03_24_52.037415 OK 0.9071851 451 13 692 374
2022-03-15_03_24_36.292427 OK 0.40682545 382 312 681 691
2022-03-15_03_26_55.073933 OK 0.94776946 11 271 348 674
2022-03-15_02_15_15.570878 NG 0.9860888 433 251 700 691
2022-03-15_02_15_26.693069 NG 0.98220915 282 264 700 655
2022-03-15_02_15_26.693069 OK 0.053249765 35 0 213 378
2022-03-15_02_15_26.693069 OK 0.10849054 270 202 677 618
2022-03-15_03_26_51.897838 OK 0.88159823 255 281 483 668
2022-03-16_02_45_59.639253 OK 0.49023077 117 0 412 395
2022-03-15_03_03_59.872326 NG 0.8764646 251 280 548 664
2022-03-15_03_21_40.668297 OK 0.97534066 0 266 361 689
2022-03-15_03_06_29.027662 NG 0.46885288 334 26 605 361
2022-03-15_03_23_09.844256 OK 0.80862904 171 12 419 375
2022-03-15_02_16_49.123968 NG 0.9735813 289 9 700 382
2022-03-15_02_16_49.123968 OK 0.16531329 178 0 646 379
2022-03-15_03_17_29.282813 NG 0.9840675 0 40 398 355
2022-03-16_02_50_26.415178 NG 0.6795057 260 282 551 664
2022-03-16_02_50_26.415178 OK 0.33220991 260 282 551 664
2022-03-16_02_50_20.387308 NG 0.085931584 341 292 686 650
2022-03-16_02_50_20.387308 OK 0.8509806 341 292 686 650
2022-03-15_03_09_31.276877 NG 0.8125368 71 29 441 370
2022-03-15_03_27_52.438324 OK 0.790639 345 274 675 687
2022-03-15_03_22_54.780155 NG 0.14944735 351 302 684 664
2022-03-15_03_22_54.780155 OK 0.7495617 352 324 686 683
2022-03-16_02_37_51.996485 OK 0.9275931 140 249 499 655
2022-03-15_03_21_09.536570 OK 0.05397051 212 0 521 481
2022-03-15_03_21_09.536570 OK 0.94219434 281 34 520 354
2022-03-15_03_28_09.119191 OK 0.93690395 18 273 227 678
2022-03-15_03_04_21.359939 NG 0.106748246 192 208 664 700
2022-03-15_03_04_21.359939 NG 0.8940329 205 306 545 625
2022-03-15_02_14_56.858922 NG 0.9268751 6 277 245 669
2022-03-15_03_20_45.055138 OK 0.10138265 69 80 376 700
2022-03-15_03_20_45.055138 OK 0.34923777 108 276 346 668
2022-03-15_03_14_41.747295 NG 0.051457476 127 0 534 507
2022-03-15_03_14_41.747295 NG 0.813989 195 34 470 421
2022-03-15_03_27_59.107552 OK 0.8891985 18 260 230 688
2022-03-15_03_21_13.374494 OK 0.92974824 140 38 388 418
2022-03-15_03_07_46.127996 NG 0.056881554 248 0 488 323
2022-03-15_03_07_46.127996 NG 0.47972676 161 0 569 428
2022-03-15_03_22_08.743755 OK 0.5872288 14 17 351 380
2022-03-15_03_24_34.186506 OK 0.50019205 209 281 454 669
2022-03-15_03_24_47.790461 OK 0.819165 248 0 504 343
2022-03-15_03_22_59.350190 OK 0.6424492 439 10 700 377
2022-03-15_03_22_43.830561 OK 0.9521449 3 271 330 681
2022-03-15_03_21_44.880308 OK 0.98495203 4 261 358 677
2022-03-15_03_05_59.875805 NG 0.75256425 230 59 501 395
2022-03-15_03_15_36.371087 NG 0.88602597 272 24 531 434
2022-03-15_03_04_11.623741 NG 0.9762718 5 236 232 641
2022-03-16_02_42_55.247001 NG 0.78987795 44 325 459 684
2022-03-16_02_42_55.247001 OK 0.51367277 0 292 406 700
2022-03-15_03_27_01.047282 OK 0.5107773 387 157 694 700
2022-03-15_03_27_05.810809 OK 0.5183039 155 0 439 338
2022-03-15_03_21_11.376605 OK 0.90570694 231 42 507 414
2022-03-15_02_16_40.349751 NG 0.90705895 27 2 286 386
2022-03-15_03_06_04.162935 NG 0.8117568 24 19 425 382
2022-03-15_03_06_04.162935 OK 0.36348656 0 13 399 441
2022-03-15_03_06_37.541623 NG 0.78684723 235 55 508 402
2022-03-15_03_25_00.553151 OK 0.61116856 211 328 452 687
2022-03-16_02_49_55.096500 OK 0.6070556 23 17 359 391
2022-03-15_03_21_07.562489 OK 0.9059306 343 20 605 368
2022-03-16_02_50_33.990050 OK 0.982092 3 251 359 688
2022-03-16_02_49_28.671887 NG 0.95695776 377 298 638 646
2022-03-15_02_18_58.893091 NG 0.6177941 48 17 476 429
2022-03-15_03_22_34.821219 OK 0.71371627 404 14 682 365
2022-03-15_03_20_55.069367 OK 0.8691226 427 266 659 684
2022-03-15_03_24_40.097719 OK 0.9133892 385 2 636 387
2022-03-15_03_18_11.869074 NG 0.7419068 93 274 433 671
2022-03-16_02_49_36.353060 NG 0.65108246 410 4 680 384
2022-03-16_02_49_36.353060 OK 0.3836498 401 1 688 330
2022-03-15_03_17_58.051035 NG 0.47082236 207 261 615 640
2022-03-15_03_23_18.791615 OK 0.73907524 0 20 331 376
2022-03-15_03_04_35.582607 NG 0.90551984 317 14 693 390
2022-03-15_03_27_24.665540 OK 0.36452055 207 288 454 661
2022-03-16_02_49_44.355093 OK 0.42406127 150 7 515 388
2022-03-15_03_23_04.870725 OK 0.8346027 25 0 339 388
2022-03-15_03_27_44.614432 OK 0.83000386 165 12 429 376
2022-03-15_03_15_42.697043 NG 0.76355696 374 0 642 410
2022-03-15_03_17_41.337476 NG 0.8285891 0 31 414 373
2022-03-15_03_28_24.770979 OK 0.87441343 199 4 470 384
2022-03-15_03_13_38.948799 NG 0.087436914 92 0 518 499
2022-03-15_03_13_38.948799 NG 0.5116703 140 46 455 412
2022-03-15_03_09_54.510819 NG 0.80546534 47 20 426 378
2022-03-15_03_09_54.510819 OK 0.5784967 0 6 404 398
2022-03-15_02_18_46.382478 NG 0.97258806 19 51 467 403
2022-03-15_03_23_29.023659 OK 0.8159269 3 270 373 678
2022-03-15_03_21_31.045040 NG 0.8152616 288 322 700 700
2022-03-15_03_21_31.045040 OK 0.479781 273 352 678 700
2022-03-16_02_43_43.324790 NG 0.26088205 365 278 654 645
2022-03-16_02_43_43.324790 OK 0.5117166 365 278 654 645
2022-03-15_02_15_31.492785 NG 0.31685582 275 248 594 698
2022-03-15_03_21_59.535244 OK 0.9356378 211 33 448 355
2022-03-15_03_25_27.186448 OK 0.862953 442 264 700 684
2022-03-15_03_25_34.991350 OK 0.5144845 366 306 656 694
2022-03-15_03_23_07.167161 OK 0.79677933 0 0 339 394
2022-03-15_03_13_16.508413 NG 0.95019084 0 262 263 681
2022-03-15_03_24_30.890522 OK 0.94776577 0 271 344 676
2022-03-16_02_46_03.696188 OK 0.099920385 237 0 576 549
2022-03-16_02_46_03.696188 OK 0.81665623 304 49 574 408
2022-03-15_03_25_29.275665 NG 0.23479676 358 264 691 630
2022-03-15_03_25_29.275665 OK 0.6786065 358 264 691 630
2022-03-15_02_17_16.843636 NG 0.8589364 42 43 439 415
2022-03-15_02_17_16.843636 OK 0.05734005 0 29 405 446
2022-03-15_03_07_55.073727 NG 0.13440672 218 0 643 480
2022-03-15_03_07_55.073727 NG 0.5150596 305 4 569 385
2022-03-15_03_25_09.960091 OK 0.9722126 327 38 700 467
2022-03-15_03_09_52.013170 NG 0.72636396 2 1 433 380
2022-03-15_03_09_52.013170 OK 0.6792948 0 25 385 361
2022-03-15_03_09_45.611666 NG 0.8007733 0 274 281 667
2022-03-15_03_09_45.611666 OK 0.05462347 0 237 273 700
2022-03-15_03_27_27.147871 OK 0.65539074 35 289 276 659
2022-03-15_03_03_50.140086 NG 0.9590482 371 237 642 640
2022-03-15_02_15_06.616638 NG 0.69269997 136 285 461 659
2022-03-15_03_04_39.231889 NG 0.48236746 269 23 609 384
2022-03-16_02_50_02.769800 NG 0.1034873 307 0 598 359
2022-03-16_02_50_02.769800 OK 0.84839034 274 10 637 382
2022-03-15_03_23_33.776390 OK 0.3031114 322 252 625 695
2022-03-15_02_15_41.955309 NG 0.94616836 0 291 356 661
2022-03-15_02_16_37.240179 NG 0.81230015 0 0 265 402
2022-03-16_02_48_57.158802 NG 0.15489723 335 42 682 409
2022-03-16_02_48_57.158802 OK 0.8086847 331 28 686 424
2022-03-15_02_15_09.507822 NG 0.7340918 262 292 545 653
2022-03-16_02_50_09.042547 OK 0.89295655 40 31 435 429
2022-03-15_03_28_38.977540 OK 0.85713756 366 322 650 694
2022-03-15_03_11_52.567030 NG 0.9011237 147 258 453 684
2022-03-15_02_15_23.038734 NG 0.9895035 293 288 700 666
2022-03-15_03_25_07.482513 OK 0.97270024 340 2 700 384
2022-03-15_03_27_10.436404 OK 0.914114 19 46 296 412
2022-03-15_03_28_00.903071 OK 0.9396686 181 270 417 679
2022-03-15_03_27_21.893213 OK 0.75344616 326 262 557 688
2022-03-15_03_11_35.040193 NG 0.93824625 76 261 385 683
2022-03-15_03_20_57.731830 OK 0.0500863 440 173 700 700
2022-03-15_03_20_57.731830 OK 0.9816782 496 272 674 666
2022-03-15_03_06_34.806392 NG 0.954928 460 0 700 389
2022-03-15_03_11_27.074081 NG 0.90932596 7 273 313 669
2022-03-15_03_19_22.230927 NG 0.78219944 205 271 527 672
2022-03-15_03_17_47.694441 NG 0.9096244 264 25 624 374
2022-03-15_03_06_10.669193 NG 0.6189031 0 109 405 473
2022-03-15_03_06_10.669193 OK 0.3781486 0 67 379 432
2022-03-16_02_41_10.133125 NG 0.7920487 11 264 444 639
2022-03-16_02_41_10.133125 OK 0.94919467 2 170 392 626
2022-03-15_03_19_06.996525 NG 0.9189284 156 38 440 418
2022-03-16_02_49_51.207050 OK 0.75087017 27 0 341 407
2022-03-15_03_28_14.461478 NG 0.069374934 438 443 700 660
2022-03-15_03_28_14.461478 OK 0.16845702 278 212 619 700
2022-03-15_03_28_14.461478 OK 0.19066349 438 443 700 660
2022-03-15_03_28_14.461478 OK 0.9213018 224 394 698 668
2022-03-15_03_22_56.645808 OK 0.5128999 355 161 653 700
2022-03-15_02_16_24.866739 NG 0.9177852 295 24 580 433
2022-03-15_03_06_25.152230 NG 0.675038 255 0 551 335
2022-03-15_02_18_30.803472 NG 0.9860979 0 83 386 431
2022-03-15_02_16_54.586541 NG 0.9671452 276 35 653 361
2022-03-15_02_15_45.189409 NG 0.89445215 0 268 368 615
2022-03-15_02_15_45.189409 OK 0.73368794 0 95 386 595
2022-03-15_03_06_40.618231 NG 0.7632891 59 21 463 425
2022-03-15_03_06_22.561077 NG 0.48703662 123 0 506 432
2022-03-15_02_16_30.742087 NG 0.64715207 213 0 519 393
2022-03-16_02_45_00.550787 OK 0.716789 198 256 468 691
2022-03-15_03_20_41.822229 OK 0.93567795 20 259 228 688
2022-03-15_03_17_22.338870 NG 0.8633774 202 24 463 433
2022-03-16_02_46_11.969741 NG 0.14487526 348 0 664 500
2022-03-16_02_46_11.969741 NG 0.20907812 399 56 620 399
2022-03-16_02_46_11.969741 OK 0.820031 376 15 640 373
2022-03-15_03_21_03.104653 OK 0.24743532 380 0 700 561
2022-03-15_03_21_03.104653 OK 0.9717708 445 41 700 417
2022-03-16_02_48_00.320279 NG 0.72468156 14 270 447 649
2022-03-16_02_48_00.320279 OK 0.7663975 0 183 399 641
2022-03-15_03_20_51.245590 OK 0.6821176 244 263 501 684
2022-03-15_03_03_56.641813 NG 0.92677337 327 294 615 651
2022-03-15_02_15_57.073085 NG 0.49341115 148 283 510 638
2022-03-16_02_49_31.748494 NG 0.8958817 388 265 700 679
2022-03-15_03_28_11.918803 NG 0.19202399 330 418 697 700
2022-03-15_03_28_11.918803 OK 0.86914426 314 317 700 700
2022-03-16_02_50_36.335985 OK 0.061618272 0 0 395 576
2022-03-16_02_50_36.335985 OK 0.98701 2 256 345 677
2022-03-15_03_17_36.302984 NG 0.98963606 0 66 410 405
2022-03-15_03_21_47.570440 NG 0.11477378 19 108 348 506
2022-03-15_03_21_47.570440 OK 0.8851297 0 110 383 513
2022-03-15_03_24_45.796333 OK 0.8194052 98 0 365 343
2022-03-15_03_17_44.972373 NG 0.96452135 342 28 698 370
2022-03-15_03_23_47.705169 OK 0.8554582 27 12 287 377
2022-03-16_02_47_32.281276 OK 0.91888654 1 20 371 439
2022-03-15_03_22_21.665579 OK 0.863317 420 322 661 694
2022-03-15_03_09_48.542332 NG 0.91944635 77 280 386 665
2022-03-15_02_18_22.389072 NG 0.9912737 0 76 391 415
2022-03-15_02_18_22.389072 OK 0.063339464 0 27 379 389
2022-03-15_03_23_45.445619 OK 0.63830996 154 36 439 419
2022-03-15_03_04_28.463300 NG 0.89806795 282 236 700 649
2022-03-15_03_04_28.463300 OK 0.37459505 248 216 700 596
2022-03-16_02_50_16.214817 OK 0.4385724 50 0 477 485
2022-03-15_03_06_17.108769 NG 0.76925343 89 5 361 382
2022-03-15_03_25_14.872052 OK 0.9335124 0 23 378 372
2022-03-15_03_06_19.732705 NG 0.20394064 80 0 499 451
2022-03-15_03_06_19.732705 NG 0.5823753 153 28 441 359
2022-03-15_03_22_12.615487 OK 0.08123931 5 20 301 700
2022-03-15_03_22_12.615487 OK 0.8754791 42 270 277 676
2022-03-15_02_16_11.676457 NG 0.9699428 440 21 700 433
2022-03-16_02_41_04.140970 NG 0.84593546 11 270 449 658
2022-03-16_02_41_04.140970 OK 0.8106619 1 142 393 682
2022-03-16_02_38_21.038858 NG 0.11829523 323 265 690 693
2022-03-16_02_38_21.038858 OK 0.64549667 323 265 690 693
2022-03-15_03_11_39.945041 NG 0.7829349 112 260 412 683
2022-03-15_03_28_37.158958 OK 0.31548837 280 280 517 672
2022-03-15_03_27_42.533632 OK 0.87736493 0 0 263 343
2022-03-16_02_47_18.224094 OK 0.6223894 34 225 341 663
2022-03-16_02_44_30.733688 OK 0.78032595 190 9 478 378
2022-03-15_03_24_55.216557 OK 0.97016007 21 328 222 691
2022-03-15_03_19_03.119101 NG 0.8567809 0 28 407 445
2022-03-15_03_21_33.025847 NG 0.06304567 290 340 592 684
2022-03-15_03_21_33.025847 OK 0.9117201 284 339 605 688
2022-03-15_03_22_29.616428 OK 0.8800082 175 19 416 369
2022-03-16_02_44_38.262255 OK 0.66178596 94 5 356 383
2022-03-15_03_06_14.203724 NG 0.9391161 0 10 243 377
2022-03-15_03_25_02.393680 OK 0.8467455 343 311 609 700
2022-03-16_02_48_51.700563 OK 0.07912178 456 107 693 416
2022-03-16_02_48_51.700563 OK 0.98848486 259 29 666 447
2022-03-15_02_18_35.183211 NG 0.9720144 19 51 467 403
2022-03-15_02_18_35.183211 OK 0.051295083 0 32 426 543
2022-03-15_03_18_59.073326 NG 0.95242304 279 359 639 669
2022-03-15_03_25_12.711207 OK 0.9478039 0 75 385 545
2022-03-16_02_50_30.476008 OK 0.6541401 0 248 386 697
2022-03-15_03_28_22.962596 NG 0.52766854 11 0 432 446
2022-03-15_03_28_22.962596 OK 0.5511054 2 27 390 433
2022-03-16_02_49_21.627583 OK 0.76646847 126 249 402 697
2022-03-15_03_28_35.009743 OK 0.83195883 248 288 482 660
2022-03-15_03_19_10.354439 NG 0.7596786 247 16 624 388
2022-03-15_03_18_02.633284 NG 0.57795846 171 327 493 688
2022-03-15_03_21_15.470126 OK 0.7864005 87 0 375 394
2022-03-15_03_27_32.724215 OK 0.06935085 138 153 453 700
2022-03-15_03_27_32.724215 OK 0.35311556 208 299 451 650
2022-03-15_03_19_19.097840 NG 0.7645229 31 268 351 676
2022-03-15_03_28_28.352006 OK 0.923445 389 260 630 690
2022-03-15_03_22_02.873057 OK 0.93091553 319 1 564 388
2022-03-15_03_07_50.036785 NG 0.4877195 128 0 509 449
2022-03-15_03_24_42.064228 OK 0.9526543 209 13 456 375
2022-03-15_03_04_18.165312 NG 0.70047474 90 249 433 694
2022-03-15_03_22_52.249695 OK 0.45105878 171 264 435 684
2022-03-15_03_19_28.336709 NG 0.9325058 332 256 609 688
2022-03-15_02_15_35.394169 NG 0.7126355 204 241 531 700
2022-03-16_02_44_07.878041 OK 0.92028296 233 51 501 407
2022-03-15_03_21_23.138098 NG 0.16034324 306 18 700 356
2022-03-15_03_21_23.138098 OK 0.9620936 251 1 679 377
2022-03-15_03_27_47.299543 OK 0.658207 219 8 579 384
2022-03-15_03_21_17.772985 OK 0.944532 9 1 239 388
2022-03-15_03_25_17.109119 OK 0.8581878 65 10 451 380
2022-03-15_03_18_53.484825 NG 0.79182464 0 219 316 656
2022-03-15_03_22_19.322522 OK 0.87201655 329 280 563 669
2022-03-15_03_20_48.322136 OK 0.7625386 166 277 429 671
2022-03-16_02_50_06.553521 NG 0.051789418 1 51 437 547
2022-03-16_02_50_06.553521 OK 0.96951616 0 101 369 521
2022-03-16_02_39_19.110240 NG 0.22512552 0 21 449 479
2022-03-16_02_39_19.110240 OK 0.89607173 0 57 384 459
2022-03-15_02_16_46.262004 NG 0.9914329 256 21 665 359
2022-03-15_02_16_46.262004 OK 0.057279322 179 11 647 373
2022-03-15_03_04_46.286306 NG 0.7581181 270 5 542 381
2022-03-15_03_04_05.557454 NG 0.8734974 107 267 414 677
2022-03-15_02_15_19.823082 NG 0.7106629 387 224 693 700
2022-03-16_02_49_24.840216 NG 0.7136768 263 283 549 663
2022-03-16_02_49_24.840216 OK 0.25995198 263 283 549 663
2022-03-15_03_27_49.932882 OK 0.90296966 321 329 698 700
2022-03-15_02_16_21.599273 NG 0.42051104 316 0 624 380
2022-03-16_02_41_52.598397 NG 0.2854973 209 45 523 484
2022-03-16_02_44_57.187959 OK 0.90854573 102 257 366 691
2022-03-16_02_44_21.927164 OK 0.54966146 330 0 614 476
2022-03-15_03_21_38.400939 OK 0.8173366 75 304 445 700
2022-03-15_02_16_17.862081 NG 0.501699 406 0 672 393
2022-03-16_02_44_53.314618 OK 0.6114978 7 249 241 697
2022-03-15_03_11_47.926635 NG 0.9091476 143 261 455 681
2022-03-15_03_21_35.930935 OK 0.55558676 245 329 558 686
2022-03-15_03_22_49.844421 OK 0.93539065 25 300 327 700
2022-03-15_02_15_12.614327 NG 0.93102556 369 284 649 661
2022-03-16_02_47_22.190783 NG 0.4890185 234 292 511 653
2022-03-16_02_47_22.190783 OK 0.112225436 234 292 511 653
2022-03-16_02_43_41.267065 NG 0.2823953 364 279 654 645
2022-03-16_02_43_41.267065 OK 0.48935968 364 279 654 645
2022-03-15_02_16_00.555035 NG 0.75869864 205 324 561 700
2022-03-15_03_22_25.877821 OK 0.9746879 18 0 231 391
2022-03-15_03_06_07.007427 NG 0.71073234 0 20 340 375
2022-03-15_03_06_07.007427 OK 0.2597329 0 0 344 400
2022-03-15_02_17_04.273580 NG 0.9744919 0 72 406 423
2022-03-15_02_17_04.273580 OK 0.15430567 2 25 383 391
2022-03-15_03_25_24.984049 OK 0.48123118 209 261 463 686
2022-03-15_03_19_12.912229 NG 0.971567 282 17 665 363
2022-03-15_03_22_46.360879 OK 0.9624073 1 175 359 594
2022-03-15_03_17_53.942535 NG 0.99094766 294 276 700 634
2022-03-15_03_04_32.431220 NG 0.98429394 328 32 700 432
2022-03-15_03_04_32.431220 OK 0.10762089 323 0 700 421
2022-03-15_03_23_02.430723 OK 0.7040006 230 6 505 380
2022-03-15_03_06_43.672109 NG 0.8570064 215 19 592 372
2022-03-15_03_06_43.672109 OK 0.22475433 237 5 631 386
2022-03-15_02_16_58.365761 NG 0.8058809 300 0 577 409
2022-03-16_02_42_59.901973 NG 0.67475766 3 324 456 700
2022-03-16_02_42_59.901973 OK 0.802923 0 243 394 700
2022-03-15_03_21_05.865920 OK 0.12674098 315 0 631 486
2022-03-15_03_21_05.865920 OK 0.9449421 394 14 622 374
2022-03-15_03_15_46.070896 NG 0.9943408 303 0 700 359
2022-03-15_03_21_27.860981 NG 0.673425 354 313 679 587
2022-03-15_03_21_27.860981 OK 0.57468116 321 167 700 654
2022-03-15_03_21_21.061191 NG 0.062303647 246 6 630 344
2022-03-15_03_21_21.061191 OK 0.9450062 214 0 590 383
2022-03-16_02_49_01.617757 NG 0.15121798 292 33 584 354
2022-03-16_02_49_01.617757 OK 0.38227555 292 33 584 354
2022-03-15_03_15_39.791684 NG 0.7254471 295 36 583 420
2022-03-15_03_11_31.525688 NG 0.90948176 5 274 314 668
2022-03-15_03_04_02.535852 NG 0.83046174 180 284 480 659
2022-03-16_02_48_48.242439 OK 0.95799893 279 23 618 430
2022-03-15_02_15_48.251946 NG 0.97759396 0 268 380 642
2022-03-15_02_15_48.251946 OK 0.16608088 0 53 374 638
2022-03-15_03_21_49.817804 NG 0.09599488 12 0 428 403
2022-03-15_03_21_49.817804 OK 0.93729854 0 20 382 374
2022-03-15_03_24_58.010922 OK 0.45553294 99 284 356 663
2022-03-15_03_24_50.160015 OK 0.97402215 351 20 594 369
2022-03-15_03_18_05.657789 NG 0.5799783 0 279 348 669
2022-03-15_03_27_13.946004 OK 0.890767 309 12 566 376
2022-03-15_03_13_13.071960 NG 0.7945027 62 227 323 650
2022-03-15_03_22_32.080448 OK 0.9626398 320 15 556 373
2022-03-15_03_28_05.655618 OK 0.8881546 423 256 666 693
2022-03-15_03_28_17.491631 NG 0.07944247 348 21 687 352
2022-03-15_03_28_17.491631 OK 0.94650716 319 0 700 374
2022-03-15_03_23_41.156705 OK 0.93223244 370 0 650 392
2022-03-15_03_09_41.070122 NG 0.5780684 350 308 685 649
2022-03-15_03_04_15.027958 NG 0.6425315 36 284 343 659
2022-03-15_03_23_14.767620 OK 0.8765992 278 8 665 384
2022-03-16_02_48_43.775073 OK 0.36738998 201 51 541 407
2022-03-15_03_24_43.805424 OK 0.95461667 0 0 261 331
2022-03-15_03_04_25.195568 NG 0.9830863 248 290 698 618
2022-03-15_03_21_25.028151 OK 0.96507865 315 33 699 435
2022-03-15_03_28_32.881849 OK 0.6966825 94 253 369 696
2022-03-15_03_27_38.295337 OK 0.87737364 412 329 669 688
2022-03-16_02_44_27.012390 OK 0.9382829 303 17 576 371
2022-03-15_03_18_08.448215 NG 0.8689821 52 271 330 674
2022-03-15_03_04_08.220193 NG 0.91575485 2 276 315 667
2022-03-15_03_10_09.462425 NG 0.74660283 219 274 515 672
2022-03-15_03_28_20.850492 NG 0.7468198 0 41 408 405
2022-03-15_03_28_20.850492 OK 0.2821086 0 28 387 359
2022-03-15_02_15_50.806656 NG 0.8148263 0 294 346 656
2022-03-15_03_23_12.295115 OK 0.8125091 208 9 463 379
2022-03-15_03_17_33.572277 OK 0.95260006 0 94 361 518
2022-03-15_02_16_04.616194 NG 0.6530105 305 224 638 700
2022-03-15_02_16_42.983912 NG 0.7989355 83 0 375 395
2022-03-15_03_23_36.980251 OK 0.7114822 391 314 700 700
2022-03-16_02_49_16.686769 OK 0.9649152 0 247 330 681
2022-03-16_02_39_06.378142 NG 0.3354002 0 2 443 460
2022-03-16_02_39_06.378142 OK 0.92798173 0 42 384 437
2022-03-16_02_50_22.858314 NG 0.5355771 287 301 602 653
2022-03-16_02_50_22.858314 OK 0.20633274 287 309 610 681
2022-03-15_03_21_54.256006 OK 0.6956657 145 0 469 394
2022-03-15_03_17_51.050289 NG 0.9902077 294 16 700 382
2022-03-16_02_49_59.909560 NG 0.073735654 334 23 693 342
2022-03-16_02_49_59.909560 OK 0.9534335 315 0 700 376
2022-03-16_02_49_47.569120 OK 0.61675817 19 0 362 447
2022-03-16_02_45_46.477504 OK 0.82515967 170 273 426 674
2022-03-16_02_44_12.705046 OK 0.5051635 283 15 609 393
2022-03-16_02_44_47.914055 NG 0.06933538 41 521 200 700
2022-03-16_02_44_47.914055 OK 0.96720797 4 0 245 397
2022-03-16_02_39_36.337868 NG 0.46807432 302 30 657 415
2022-03-16_02_39_36.337868 OK 0.7636246 323 3 700 399
2022-03-15_03_23_43.181622 OK 0.9512301 245 0 496 389
2022-03-15_03_22_17.057735 OK 0.664575 199 273 470 675
2022-03-16_02_38_05.521959 OK 0.9540309 67 289 424 700
2022-03-15_03_07_38.494350 NG 0.9342669 165 250 433 627
2022-03-15_03_20_53.043261 OK 0.8353803 369 320 628 694
2022-03-16_02_42_01.501034 NG 0.5052492 246 40 483 488
2022-03-15_03_13_35.007778 NG 0.75409776 99 0 359 429
2022-03-16_02_44_34.765170 OK 0.87984616 164 1 436 386
2022-03-15_03_13_09.763604 NG 0.9184668 113 266 412 677
2022-03-16_02_48_04.993441 NG 0.20664006 24 289 420 635
2022-03-16_02_48_04.993441 OK 0.0704332 14 0 475 654
2022-03-16_02_48_04.993441 OK 0.11527177 5 73 370 457
2022-03-16_02_48_04.993441 OK 0.9407409 15 265 371 661
2022-03-15_03_25_04.442528 OK 0.98273295 470 326 695 697
2022-03-15_03_13_30.771984 NG 0.75744236 57 0 327 408
2022-03-15_03_18_56.575842 NG 0.7605833 161 223 501 653
2022-03-15_03_21_42.710090 OK 0.15128432 0 0 377 533
2022-03-15_03_21_42.710090 OK 0.9827259 17 259 347 666
2022-03-15_03_25_32.742947 OK 0.7626985 247 313 548 697
2022-03-16_02_39_11.457567 NG 0.38240162 0 28 441 472
2022-03-16_02_39_11.457567 OK 0.8974616 0 63 376 448
2022-03-16_02_38_58.946622 NG 0.32427275 59 30 446 421
2022-03-16_02_38_58.946622 OK 0.57781976 59 30 446 421
2022-03-15_03_13_25.444243 NG 0.8465438 17 43 299 413
2022-03-15_03_28_30.426711 OK 0.8993303 18 269 231 681
2022-03-15_02_17_09.630029 NG 0.97775143 0 75 364 420
2022-03-15_03_09_27.694705 NG 0.6772656 206 0 461 390
2022-03-15_03_21_56.446653 OK 0.8092446 0 0 339 403
2022-03-15_03_22_14.980164 OK 0.87162006 136 251 392 696
2022-03-15_03_27_16.463837 OK 0.9526687 418 7 668 381
2022-03-15_03_27_19.744014 OK 0.976065 463 270 689 680
2022-03-15_02_16_28.202695 NG 0.4047527 203 4 527 384
2022-03-15_03_13_44.407499 NG 0.051720034 127 0 534 507
2022-03-15_03_13_44.407499 NG 0.8137402 196 34 470 421
2022-03-16_02_45_41.648280 OK 0.20894381 258 129 546 700
2022-03-16_02_45_41.648280 OK 0.61513317 296 339 575 677
2022-03-15_03_23_23.977894 OK 0.7994462 217 278 446 670
2022-03-15_03_09_34.369147 NG 0.6077986 126 14 399 374
2022-03-16_02_49_40.683044 NG 0.07716814 225 9 575 389
2022-03-16_02_49_40.683044 OK 0.54282194 303 15 573 372
